Alagoas
Arapiraca	130,963	152,354	181,481	198,700
Atalaia	14,265	17,949	22,457	24,090
Campo Alegre	11,532	16,117	22,161	25,290
Coruripe	13,975	22,199	46,043	50,920
Delmiro Gouveia	31,957	33,563	34,854	38,050
Maceió	583,343	795,804	932,129	1,030,910
Maragogi	8,920	12,902	18,625	21,610
Marechal Deodoro	14,658	29,837	43,392	49,880
Matriz de Camaragibe	14,340	18,262	22,096	22,880
Murici	13,891	17,485	22,108	23,530
Palmeira dos Índios	46,421	48,958	51,610	53,870
Penedo	38,574	41,545	45,020	47,720
Pilar	22,248	28,166	31,801	33,720
Porto Calvo	11,182	14,983	20,197	21,470
Rio Largo	38,525	49,919	55,947	61,810
Santana do Ipanema	20,146	23,993	27,185	28,990
São Luís do Quitunde	13,465	17,525	20,588	22,120
São Miguel dos Campos	28,121	35,375	52,566	60,030
Teotônio Vilela	21,830	29,838	34,785	37,670
União dos Palmares	34,040	37,869	47,651	50,410