Amazonas
Benjamin Constant	11,539	14,171	20,138	27,050
Boca do Acre	11,296	14,614	19,348	22,080
Carauari	11,498	16,876	19,744	22,000
Coari	21,081	39,504	49,651	56,680
Codajás	8,388	11,289	15,806	20,220
Eirunepé	13,442	16,781	22,166	26,110
Humaitá	18,700	23,991	30,501	39,440
Iranduba	6,403	9,940	28,979	35,330
Itacoatiara	37,380	46,465	58,157	69,680
Lábrea	15,444	19,276	24,207	30,620
Manacapuru	36,019	47,662	60,174	70,400
Manaus	1,006,585	1,396,768	1,792,881	2,244,470
Manicoré	14,373	15,339	20,349	24,840
Maués	16,658	21,179	25,832	32,720
Parintins	41,591	58,125	69,890	79,760
São Gabriel da Cachoeira	6,835	12,373	19,054	23,650
Tabatinga	19,822	26,637	36,355	47,640
Tefé	39,057	47,698	50,069	48,270