Bahia
Alagoinhas	99,508	112,440	124,042	133,720
Amargosa	15,831	20,884	24,891	27,270
Amélia Rodrigues	16,444	19,022	19,957	19,800
Araci	11,584	16,189	19,638	20,870
Barra	15,767	19,641	22,446	24,680
Barra do Choça	11,644	17,721	22,407	19,860
Barreiras	...	99,300	123,741	142,650
Bom Jesus da Lapa	32,390	37,726	43,099	47,630
Brumado	36,013	40,710	45,131	47,130
Caetité	16,925	23,459	28,447	30,640
Camacan	16,364	24,282	24,685	25,120
Camaçari	108,232	154,402	231,973	295,210
Campo Formoso	16,432	21,003	24,863	26,780
Canavieiras	20,658	26,343	25,903	24,610
Candeias	61,438	69,127	75,994	80,250
Capim Grosso	12,470	17,861	21,762	25,430
Casa Nova	18,482	27,266	37,543	42,260
Catu	33,394	37,816	42,755	46,220
Conceição do Coité	20,002	28,026	36,278	39,410
Conceição do Jacuípe	16,174	19,466	23,539	26,280
Cruz das Almas	30,908	39,604	49,885	54,410
Dias d'Ávila	29,478	42,673	62,473	78,710
Entre Rios	16,897	23,019	23,840	25,120
Esplanada	15,198	17,538	20,822	24,060
Euclides da Cunha	17,778	24,531	27,416	29,770
Eunápolis	63,540	79,161	93,413	107,550
Feira de Santana	349,557	431,730	510,635	572,520
Gandu	19,597	22,060	24,848	26,850
Guanambi	45,127	54,003	62,565	67,740
Iaçu	18,806	21,636	20,168	18,770
Ibotirama	15,231	16,384	19,501	20,770
Ilhéus	144,232	162,125	155,281	132,860
Ipiaú	36,408	37,924	40,384	41,820
Ipirá	18,088	23,320	29,009	28,980
Irecê	40,069	53,143	61,019	68,270
Itabela	13,577	18,837	21,384	23,280
Itaberaba	36,934	44,517	48,485	50,970
Itabuna	177,561	191,184	199,643	208,870
Itamaraju	44,449	48,037	49,785	50,850
Itambé	18,516	22,175	19,698	19,170
Itaparica	15,055	18,945	20,725	22,440
Itapetinga	49,340	55,182	66,276	75,140
Ituberá	11,806	15,910	19,252	20,900
Jacobina	50,009	52,088	55,868	56,930
Jaguaquara	26,977	35,103	38,850	41,820
Jequié	116,885	130,296	139,426	143,450
Juazeiro	102,266	133,278	160,775	178,300
Lauro de Freitas	44,374	108,385	163,449	204,670
Livramento de Nossa Senhora	13,200	16,724	20,530	22,300
Luís Eduardo Magalhães	...	...	54,881	84,620
Madre de Deus	8,792	11,599	16,854	21,100
Maragogipe	20,472	21,043	25,093	26,320
Mata de São João	24,143	24,969	29,825	35,360
Morro do Chapéu	15,519	19,793	20,267	20,440
Mucuri	...	18,685	27,492	32,610
Nazaré	20,491	23,011	22,864	24,030
Nova Viçosa	9,374	24,636	33,526	38,410
Paulo Afonso	74,355	82,584	93,404	102,720
Poções	24,873	31,801	34,659	36,350
Pojuca	18,510	21,884	28,378	34,670
Porto Seguro	23,315	79,619	104,078	125,070
Remanso	17,868	21,015	23,470	24,900
Riachão do Jacuípe	14,557	15,569	19,860	20,060
Ribeira do Pombal	20,752	25,383	29,756	33,880
Rio Real	13,917	20,043	23,310	25,850
Ruy Barbosa	17,114	20,263	22,093	22,840
Salvador	2,073,510	2,442,102	2,674,923	2,899,520
Santa Cruz Cabrália	3,197	13,527	19,002	20,300
Santaluz	12,704	17,966	20,795	23,170
Santa Maria da Vitória	20,774	22,787	23,816	23,460
Santo Amaro	40,894	44,505	44,766	46,620
Santo Antônio de Jesus	52,855	66,245	79,299	89,950
Santo Estêvão	12,654	19,693	27,690	31,040
São Francisco do Conde	15,734	21,870	27,391	33,570
São Sebastião do Passé	25,806	29,549	33,112	35,000
Seabra	12,432	16,749	20,277	21,520
Senhor do Bonfim	49,087	51,343	57,566	61,740
Sento Sé	12,380	17,264	21,676	23,910
Serrinha	...	39,200	47,188	50,220
Simões Filho	44,419	76,905	105,811	122,900
Sobradinho	19,482	19,610	20,002	21,160
Teixeira de Freitas	74,221	98,688	129,263	153,510
Tucano	10,131	18,597	21,958	21,320
Valença	43,699	55,884	64,368	71,050
Vera Cruz	20,308	27,872	35,244	41,450
Vitória da Conquista	188,351	225,545	274,739	307,670
Xique-Xique	26,664	31,565	32,541	33,270