Ceará
Acaraú	16,623	24,582	28,242	31,190
Acopiara	17,768	22,230	25,228	26,970
Aquiraz	40,772	54,682	67,083	75,350
Aracati	33,990	39,179	44,035	48,000
Barbalha	24,302	30,669	38,022	42,380
Baturité	16,199	20,846	24,437	26,490
Beberibe	10,520	19,697	21,611	23,800
Boa Viagem	14,566	20,820	26,604	27,710
Brejo Santo	17,364	22,678	28,055	31,160
Camocim	34,167	40,684	44,657	47,620
Campos Sales	13,874	17,135	19,081	19,810
Canindé	30,115	39,573	46,875	48,770
Cascavel	37,093	47,453	56,157	61,730
Caucaia	147,601	226,088	290,220	328,990
Crateús	39,945	47,549	52,644	54,400
Crato	70,280	83,917	100,916	111,290
Eusébio	20,410	31,500	46,033	55,040
Fortaleza	1,768,637	2,141,402	2,452,185	2,703,390
Granja	15,897	22,564	25,892	27,130
Guaiúba	10,048	15,611	18,877	20,770
Horizonte	...	28,122	51,049	64,460
Icó	22,513	26,047	30,463	31,790
Iguatu	53,123	62,366	74,627	80,150
Ipu	17,736	22,404	25,581	26,760
Itaitinga	...	26,546	35,565	38,390
Itapajé (Itapagé)	18,970	27,459	33,990	37,570
Itapipoca	34,670	48,481	66,909	75,910
Jaguaribe	17,158	21,051	23,268	23,390
Jaguaruana	11,734	16,580	19,135	20,160
Juazeiro do Norte	164,922	202,227	240,128	267,340
Limoeiro do Norte	23,342	28,213	32,483	34,770
Maracanaú	156,410	179,170	207,623	229,400
Maranguape	51,954	65,268	86,309	100,080
Massapê	12,758	19,173	23,983	26,810
Mauriti	14,270	18,079	23,285	25,460
Morada Nova	26,499	33,869	35,401	35,130
Nova Russas	20,526	20,844	23,244	24,390
Pacajus	22,650	34,301	50,675	60,760
Pacatuba	...	47,028	62,095	73,560
Paracuru	11,147	16,673	20,589	23,120
Pedra Branca	12,320	17,347	24,510	25,370
Pentecoste	16,591	19,212	21,394	22,990
Quixadá	39,404	46,888	57,485	63,400
Quixeramobim	25,759	30,600	43,424	49,810
Russas	27,055	35,323	44,952	51,210
Santa Quitéria	15,856	19,355	22,260	22,760
São Benedito	15,258	20,970	24,554	26,880
São Gonçalo do Amarante	17,999	22,077	28,537	32,060
Sobral	103,868	134,508	166,310	187,700
Tabuleiro do Norte	12,687	15,852	18,806	20,660
Tauá	22,619	26,721	32,259	34,310
Tianguá	25,413	37,299	45,819	51,290
Trairi	7,661	14,413	18,784	20,690
Várzea Alegre	14,423	19,268	23,896	25,540
Viçosa do Ceará	10,505	14,478	17,827	20,090