Espírito Santo
Alegre	16,330	19,741	21,512	20,880
Anchieta	8,793	13,211	18,161	23,010
Aracruz	43,030	54,458	71,451	91,630
Baixo Guandu	17,342	19,676	22,512	24,200
Barra de São Francisco	16,333	20,656	26,357	29,370
Cachoeiro de Itapemirim	117,119	155,401	173,589	193,960
Cariacica	261,084	312,980	337,643	374,200
Castelo	13,465	17,549	21,817	23,830
Colatina	...	83,800	98,395	109,390
Conceição da Barra	15,514	19,319	22,575	24,980
Guaçuí	15,863	19,192	22,401	25,230
Guarapari	55,196	82,589	100,528	122,700
Itapemirim	...	16,133	19,330	21,810
Linhares	86,005	92,917	121,567	154,650
Marataízes	...	23,757	27,614	31,750
Nova Venécia	22,887	27,390	30,831	33,990
Pedro Canário	19,218	20,192	22,053	24,630
Pinheiros	14,039	13,970	18,718	21,620
Piúma	8,562	14,101	17,449	21,560
São Gabriel da Palha	17,055	18,365	24,325	29,840
São Mateus	51,190	69,004	84,541	104,390
Serra	220,615	319,621	406,450	533,070
Sooretama	...	11,419	16,873	22,130
Viana	39,888	49,597	59,632	74,070
Vila Velha	264,236	344,625	412,575	506,190
Vitória	258,777	292,304	327,801	369,530