Goiás
Acreúna	11,549	15,883	17,696	19,820
Águas Lindas de Goiás	...	105,583	159,138	222,510
Alexânia	9,500	15,935	19,676	23,430
Anápolis	226,925	280,164	328,755	389,580
Aparecida de Goiânia	175,555	335,547	455,193	601,230
Bela Vista de Goiás	9,652	12,278	17,955	22,670
Bom Jesus de Goiás	11,818	14,746	19,253	24,220
Caldas Novas	21,238	47,308	67,714	91,460
Catalão	47,152	57,606	81,064	105,800
Ceres	16,951	18,123	19,790	21,400
Cidade Ocidental	...	34,465	43,654	58,060
Cristalina	17,652	27,569	38,421	50,630
Formosa	49,659	69,285	92,023	115,580
Goianésia	36,768	44,912	55,660	67,340
Goiânia	913,485	1,085,806	1,297,076	1,549,740
Goianira	10,135	18,064	33,451	45,450
Goiatuba	27,694	27,806	29,941	31,610
Inhumas	32,722	39,976	45,103	50,160
Ipameri	16,904	18,840	21,336	23,600
Iporá	25,540	28,192	28,545	28,720
Itaberaí	17,255	21,249	29,784	37,330
Itapaci	8,339	11,950	16,675	21,550
Itapuranga	19,885	19,905	21,235	20,810
Itumbiara	72,335	77,123	88,942	102,310
Jaraguá	15,635	24,673	35,328	44,010
Jataí	55,593	68,821	81,010	95,020
Luziânia	...	130,165	162,807	200,230
Minaçu	26,112	28,911	26,554	24,310
Mineiros	26,662	34,660	48,286	63,380
Morrinhos	25,395	30,929	35,959	40,720
Nerópolis	11,306	17,253	23,229	29,680
Niquelândia	23,786	26,578	33,343	37,040
Novo Gama	...	73,026	93,971	118,330
Palmeiras de Goiás	11,194	13,500	19,166	24,570
Pires do Rio	20,537	24,473	27,094	30,060
Planaltina	37,499	70,127	77,582	86,800
Porangatu	31,905	33,423	35,731	38,690
Posse	13,265	18,388	23,939	28,900
Quirinópolis	26,656	30,822	38,163	45,320
Rio Verde	84,142	106,079	163,540	229,200
Santa Helena de Goiás	29,404	32,349	34,815	37,190
Santo Antônio do Descoberto	28,606	48,398	56,808	69,040
São Luís de Montes Belos	19,218	22,271	26,585	30,530
São Simão	10,611	13,277	16,309	20,350
Senador Canedo	8,753	50,442	84,111	120,970
Trindade	48,927	78,199	100,106	126,470
Uruaçu	28,191	30,119	33,796	37,660
Valparaíso de Goiás	...	94,856	132,982	175,720