Maranhão
Açailândia	46,195	64,164	78,237	85,560
Alto Alegre do Maranhão	...	12,997	19,374	22,100
Bacabal	64,783	71,408	77,860	81,810
Balsas	30,633	50,144	72,771	84,470
Barra do Corda	34,163	43,412	51,648	55,430
Barreirinhas	7,442	13,209	22,053	25,650
Buriticupu	...	26,017	35,789	40,370
Caxias	84,331	103,485	118,534	126,960
Chapadinha	28,694	37,231	52,882	58,180
Codó	58,469	75,093	81,045	84,700
Coelho Neto	31,052	34,747	38,729	41,260
Colinas	13,587	20,821	25,575	27,090
Coroatá	28,768	33,419	43,057	45,890
Cururupu	17,492	21,468	22,270	22,210
Estreito	11,571	15,846	25,778	31,000
Grajaú	18,133	26,511	37,041	42,170
Imperatriz	210,051	218,673	234,547	246,370
Itapecuru Mirim	20,073	27,661	34,668	38,640
Lago da Pedra	17,562	24,048	30,046	33,230
Miranda do Norte	11,436	13,611	19,519	23,270
Paço do Lumiar	1,147	1,188	78,811	93,910
Pedreiras	39,694	31,732	32,937	32,690
Pindaré-Mirim	17,748	20,941	22,417	23,880
Pinheiro	32,627	38,186	46,487	50,050
Presidente Dutra	21,647	27,505	32,000	34,530
Raposa	...	11,370	16,675	20,010
Rosário	19,695	21,765	23,252	25,410
Santa Helena	12,091	15,105	19,578	21,440
Santa Inês	54,035	63,030	73,197	85,170
Santa Luzia	17,967	21,264	25,789	25,460
São Bento	14,089	16,760	23,508	26,540
São João dos Patos	16,127	18,817	20,567	21,500
São José de Ribamar	26,044	27,245	37,709	41,710
São Luís	...	837,584	958,522	1,054,010
São Mateus do Maranhão	19,519	25,970	28,712	30,660
Timon	90,814	113,066	135,133	148,920
Tutóia	10,068	11,589	18,680	21,210
Urbano Santos	6,900	10,906	17,374	23,890
Vargem Grande	12,194	17,116	26,687	31,220
Viana	16,897	22,996	26,915	28,740
Zé Doca	24,795	29,082	30,864	32,100