Minas Gerais
Abaeté	15,944	19,022	19,704	20,200
Aimorés	18,082	18,764	19,700	19,820
Além Paraíba	26,861	31,028	32,067	33,080
Alfenas	47,325	62,148	69,176	75,930
Almenara	32,350	27,770	31,750	34,700
Andradas	19,260	24,087	28,026	31,360
Araçuaí	16,590	20,461	23,435	23,890
Araguari	82,103	92,748	102,583	110,580
Araxá	67,972	77,743	92,284	106,800
Arcos	23,469	29,343	33,961	37,730
Bambuí	15,032	17,672	19,325	20,370
Barão de Cocais	18,096	21,307	25,786	30,130
Barbacena	83,319	103,669	115,568	127,260
Barroso	16,274	17,731	18,979	20,320
Belo Horizonte	2,013,257	2,238,526	2,375,151	2,530,700
Belo Oriente	12,485	16,217	19,682	22,950
Betim	162,143	298,258	375,331	446,740
Boa Esperança	25,267	30,392	32,191	33,690
Bocaiúva	29,521	32,446	36,600	39,630
Bom Despacho	30,823	37,221	42,963	48,440
Brasília de Minas	...	17,580	20,675	21,500
Brumadinho	11,583	19,373	28,642	34,740
Buritizeiro	18,069	21,804	23,630	24,740
Caeté	29,115	31,656	35,436	39,450
Cambuí	15,096	17,683	22,359	25,380
Campo Belo	39,809	45,592	48,626	51,260
Campos Gerais	12,326	17,739	19,156	20,060
Capelinha	16,661	20,066	24,753	27,260
Carandaí	13,403	15,781	18,205	20,140
Carangola	25,071	24,740	26,059	26,640
Caratinga	76,503	62,338	70,474	76,990
Carmo do Cajuru	10,410	14,122	17,340	19,840
Carmo do Paranaíba	20,276	24,276	25,200	25,710
Cataguases	53,426	60,482	66,780	72,700
Caxambu	19,078	21,690	21,252	21,120
Cláudio	11,656	17,189	21,154	23,880
Conceição das Alagoas	11,155	14,410	20,880	26,080
Congonhas	29,486	39,458	47,236	54,360
Conselheiro Lafaiete	83,451	99,515	111,266	124,700
Contagem	419,975	533,330	601,400	671,570
Corinto	19,522	21,450	21,194	20,920
Coromandel	16,498	20,261	21,665	21,990
Coronel Fabriciano	85,747	96,255	102,395	109,320
Curvelo	47,987	59,197	67,382	73,620
Diamantina	34,609	37,774	40,064	41,850
Divinópolis	144,429	177,973	207,516	236,240
Elói Mendes	12,988	17,055	20,374	23,070
Esmeraldas	7,044	38,181	56,215	67,630
Extrema	9,088	12,902	26,023	34,260
Formiga	49,824	55,597	59,487	62,070
Frutal	33,232	39,012	46,089	52,160
Governador Valadares	215,098	236,098	253,300	271,050
Guanhães	17,130	20,938	25,421	28,310
Guaxupé	34,368	43,005	46,480	49,120
Ibiá	14,510	17,353	19,646	21,590
Ibirité	91,193	132,335	158,590	183,610
Igarapé	19,909	22,977	32,661	41,760
Ipatinga	178,830	210,895	236,968	264,540
Itabira	72,954	89,703	102,316	113,440
Itabirito	28,678	35,245	43,566	50,800
Itajubá	68,959	76,986	82,764	89,270
Itamarandiba	14,546	17,717	21,988	24,010
Itaúna	61,946	71,770	80,451	88,920
Ituiutaba	78,205	83,853	93,125	101,410
Iturama	31,672	26,829	32,598	37,940
Jacutinga	10,588	14,316	19,076	22,230
Jaíba	...	13,148	17,635	20,920
Janaúba	44,316	53,891	60,570	65,620
Januária	37,149	35,923	41,322	42,900
João Monlevade	57,407	66,372	73,277	80,540
João Pinheiro	28,182	32,424	36,761	38,980
Juatuba	...	15,929	21,827	27,350
Juiz de Fora	380,249	453,002	510,378	570,970
Lagoa da Prata	28,108	37,911	44,938	52,030
Lagoa Santa	27,979	35,396	48,949	62,210
Lavras	60,730	74,296	87,856	100,770
Leopoldina	37,587	43,493	45,704	47,100
Machado	20,082	26,941	32,068	35,380
Manhuaçu	46,476	52,106	64,839	75,020
Mantena	19,780	19,311	21,258	21,680
Mariana	29,848	38,679	47,642	54,330
Mateus Leme	19,580	20,394	24,679	28,020
Matozinhos	21,788	27,664	30,877	34,980
Monte Carmelo	29,532	38,231	40,100	42,090
Montes Claros	227,759	289,183	344,427	397,310
Muriaé	71,651	83,923	93,225	101,770
Nanuque	38,586	37,781	36,789	36,560
Nepomuceno	14,580	18,116	19,936	20,830
Nova Lima	44,038	63,035	79,232	95,250
Nova Serrana	15,331	35,321	69,695	102,360
Oliveira	26,184	32,213	35,185	37,430
Ouro Branco	23,631	26,303	31,609	36,050
Ouro Fino	16,716	20,434	23,763	25,550
Ouro Preto	48,150	56,292	61,120	65,070
Paracatu	49,710	63,014	73,772	82,320
Pará de Minas	54,034	67,993	79,599	90,380
Paraopeba	13,821	17,283	19,663	21,660
Passos	74,223	89,911	100,842	110,030
Patos de Minas	87,403	111,333	127,724	142,390
Patrocínio	47,230	63,000	72,758	81,270
Pedra Azul	17,516	20,090	21,006	21,440
Pedro Leopoldo	32,891	43,479	49,953	55,400
Pirapora	45,492	49,377	52,385	55,800
Pitangui	16,005	18,629	22,624	25,410
Piumhi	20,758	25,225	28,564	31,480
Poços de Caldas	105,205	130,826	148,722	165,700
Pompéu	16,252	22,286	25,740	28,520
Ponte Nova	45,820	48,997	51,185	53,520
Porteirinha	...	18,140	19,338	19,440
Pouso Alegre	74,322	97,756	119,590	141,270
Prata	13,125	17,123	19,381	21,160
Ribeirão das Neves	119,925	245,401	294,153	338,920
Sabará	74,757	112,694	123,084	134,400
Sacramento	13,639	15,890	19,275	21,420
Salinas	19,543	26,278	30,716	32,820
Santa Bárbara	20,969	21,294	24,794	28,350
Santa Luzia	130,186	184,208	202,378	221,090
Santana do Paraíso	...	17,197	25,251	33,390
Santa Rita do Sapucaí	20,091	25,519	32,458	38,020
Santo Antônio do Monte	13,322	19,042	22,193	24,440
Santos Dumont	38,087	40,402	41,320	41,390
São Francisco	21,861	27,835	34,204	35,980
São Gonçalo do Sapucaí	15,228	18,132	19,742	21,200
São Gotardo	16,520	25,523	30,061	34,090
São João del Rei	66,700	73,785	79,857	85,930
São João Nepomuceno	18,955	22,332	23,835	25,240
São Joaquim de Bicas	...	13,716	18,599	23,810
São Lourenço	29,498	36,927	41,657	46,540
São Sebastião do Paraíso	41,446	51,962	59,953	66,350
Sarzedo	...	14,738	25,532	33,680
Sete Lagoas	140,125	180,785	208,956	238,030
Taiobeiras	18,324	21,795	25,060	28,090
Teófilo Otoni	101,966	102,812	110,076	115,410
Timóteo	54,997	71,310	81,124	91,130
Três Corações	49,134	58,419	65,826	72,880
Três Marias	20,092	22,515	26,840	31,340
Três Pontas	33,740	40,670	46,280	49,090
Tupaciguara	20,030	20,621	22,042	23,210
Ubá	54,051	76,687	97,636	113,480
Uberaba	200,705	244,171	289,376	332,680
Uberlândia	358,165	488,982	587,266	687,010
Unaí	42,934	55,549	62,329	68,670
Varginha	82,242	104,165	119,061	133,110
Várzea da Palma	24,464	27,632	31,313	35,070
Vespasiano	35,390	75,213	104,527	131,850
Viçosa	46,456	59,792	67,305	74,470
Visconde do Rio Branco	21,040	25,889	31,380	35,850