Mato Grosso do Sul
Amambai	15,279	18,818	22,375	25,930
Anastácio	14,376	17,266	19,674	20,910
Aparecida do Taboado	11,813	15,644	20,096	23,760
Aquidauana	29,294	33,816	35,926	37,950
Bela Vista	16,121	18,023	18,927	20,280
Caarapó	14,265	14,656	18,309	22,030
Campo Grande	518,687	655,914	776,242	903,710
Cassilândia	15,055	17,866	19,008	20,000
Chapadão do Sul	2,328	8,820	16,777	22,630
Corumbá	76,660	86,144	93,452	101,530
Coxim	23,612	27,419	29,145	30,400
Dourados	122,856	149,928	181,005	210,510
Jardim	17,601	20,953	22,741	24,640
Ladário	11,060	13,480	18,587	22,780
Maracaju	17,356	21,190	32,224	42,160
Naviraí	25,192	32,662	42,855	52,140
Nova Andradina	22,294	29,882	38,786	47,700
Paranaíba	28,491	32,027	35,754	37,720
Ponta Porã	47,040	54,383	62,067	75,970
Rio Brilhante	14,734	16,677	24,557	31,110
São Gabriel do Oeste	8,861	13,631	19,300	24,040
Sidrolândia	10,794	15,862	27,783	40,090
Três Lagoas	61,650	73,669	97,069	119,330