Mato Grosso
Água Boa	7,513	11,795	16,759	21,440
Alta Floresta	37,504	37,287	42,718	45,270
Barra do Bugres	15,219	21,142	25,996	29,140
Barra do Garças	41,469	47,843	50,947	55,580
Cáceres	...	63,100	76,568	83,010
Campo Novo do Parecis	2,211	14,713	25,584	34,250
Campo Verde	2,848	13,065	25,472	35,510
Colíder	15,716	19,423	25,014	27,530
Colniza	...	...	14,987	23,360
Cuiabá	395,662	476,532	540,814	611,980
Guarantã do Norte	11,097	19,365	23,940	27,080
Jaciara	19,641	20,743	23,623	25,510
Juara	15,134	23,087	26,020	27,990
Juína	25,822	30,470	33,960	35,630
Lucas do Rio Verde	4,332	16,145	42,455	64,930
Mirassol d'Oeste	20,954	18,985	21,470	23,880
Nova Mutum	2,108	10,376	25,865	39,410
Peixoto de Azevedo	32,535	20,180	19,804	22,940
Poconé	21,303	22,326	23,062	24,230
Pontes e Lacerda	...	25,100	34,662	38,590
Primavera do Leste	9,758	36,539	49,271	60,450
Rondonópolis	113,032	141,838	188,028	230,480
Sapezal	...	5,493	15,124	22,970
Sinop	33,253	67,706	93,753	123,480
Sorriso	11,325	31,529	58,364	83,300
Tangará da Serra	32,053	51,495	75,921	97,940
Várzea Grande	155,307	211,303	248,704	285,910