Pará
Abaetetuba	56,389	70,843	82,998	94,370
Alenquer	21,958	25,160	27,722	30,230
Almeirim	16,342	18,916	19,965	20,220
Altamira	50,145	62,285	84,092	99,580
Ananindeua	...	392,627	470,819	539,080
Augusto Corrêa	8,683	13,356	18,240	21,140
Baião	7,877	10,865	18,555	24,880
Barcarena	21,629	27,767	36,297	47,010
Belém	849,187	1,272,354	1,381,475	1,493,530
Benevides	8,361	20,912	28,912	36,260
Bragança	49,600	56,572	72,621	83,460
Breu Branco	...	15,952	29,308	38,300
Breves	28,719	40,285	46,560	52,290
Cametá	30,278	40,417	52,838	61,540
Canaã dos Carajás	...	3,924	20,727	30,340
Capanema	39,825	46,329	50,732	55,670
Capitão Poço	14,557	21,121	21,441	22,540
Castanhal	92,852	121,249	153,378	182,180
Conceição do Araguaia	29,851	29,370	32,464	34,290
Dom Eliseu	11,806	23,801	32,516	38,780
Goianésia do Pará	...	14,878	21,082	28,870
Igarapé-Açu	12,610	19,489	21,207	23,180
Igarapé-Miri	19,797	24,983	26,205	28,590
Itaituba	62,186	64,486	70,682	73,620
Itupiranga	8,431	14,754	20,490	21,380
Jacundá	22,081	34,518	45,683	53,830
Juruti	7,973	10,780	15,852	20,190
Mãe do Rio	19,140	18,738	23,052	25,100
Marabá	102,435	134,373	186,270	229,310
Marituba	...	64,884	107,123	134,400
Mocajuba	11,756	14,561	18,279	21,830
Moju	9,748	17,626	25,162	30,280
Monte Alegre	16,987	20,921	24,565	25,820
Novo Repartimento	...	15,524	27,950	35,350
Óbidos	20,147	22,978	25,466	27,090
Oriximiná	21,163	29,181	40,147	47,900
Ourilândia do Norte	...	9,689	19,913	24,620
Paragominas	40,054	58,240	76,511	90,600
Parauapebas	27,443	59,260	138,690	197,150
Portel	11,852	17,325	24,852	30,410
Redenção	44,944	59,613	70,065	80,050
Rondon do Pará	26,400	30,061	34,696	39,330
Rurópolis	3,900	8,419	15,273	19,990
Salinópolis	19,317	30,417	33,391	36,730
Santa Izabel do Pará (Santa Isabel do Pará)	23,728	33,078	43,000	52,680
Santana do Araguaia	8,521	17,326	29,663	40,140
Santarém	180,018	186,297	215,790	225,870
São Félix do Xingu	8,198	12,530	45,113	67,040
São Miguel do Guamá	18,123	24,457	31,884	37,260
Soure	14,500	17,303	21,015	23,530
Tailândia	9,657	28,128	58,713	82,600
Tomé-Açu	16,206	27,314	31,563	36,080
Tucumã	12,441	16,496	26,907	32,470
Tucuruí	46,014	60,918	92,442	110,980
Ulianópolis	...	11,909	28,525	40,990
Uruará	5,767	13,166	24,430	24,760
Vigia	25,166	28,006	32,353	36,920
Viseu	12,242	16,478	18,397	20,140
Xinguara	27,378	26,264	31,492	35,250