Paraíba
Bayeux	77,212	87,437	98,793	96,620
Cabedelo	29,052	42,832	57,936	69,760
Cajazeiras	38,329	41,964	47,501	50,860
Campina Grande	307,468	337,484	367,209	394,490
Catolé do Rocha	14,516	18,336	21,323	22,850
Esperança	16,795	18,520	21,631	23,220
Guarabira	41,025	44,068	48,960	52,560
Itabaiana	20,162	19,801	19,731	19,640
João Pessoa	497,600	597,934	720,785	822,680
Mamanguape	29,897	30,754	34,234	36,730
Monteiro	14,655	16,684	20,261	22,090
Patos	76,708	87,949	97,278	105,100
Pombal	22,589	23,614	25,753	26,310
Queimadas	11,814	17,046	22,236	24,040
Santa Rita	76,490	100,475	103,717	119,050
São Bento	13,323	20,277	25,040	28,100
Sapé	34,231	35,516	38,141	40,300
Sousa	52,066	46,200	51,881	55,190