Pernambuco
Abreu e Lima	70,548	77,696	86,625	92,380
Afogados da Ingazeira	18,222	23,149	27,402	29,320
Água Preta	...	14,707	18,750	21,180
Águas Belas	15,138	19,937	24,564	26,820
Aliança	15,310	17,091	20,247	20,780
Araripina	26,938	34,651	46,908	51,760
Arcoverde	49,465	55,301	62,668	68,590
Barreiros	27,558	31,028	33,982	35,760
Belo Jardim	43,755	50,392	58,233	61,850
Bezerros	35,828	44,566	49,740	51,680
Bom Conselho	20,176	25,222	29,779	32,050
Bonito	18,642	22,995	26,208	26,580
Brejo da Madre de Deus	18,020	24,713	35,124	40,190
Buíque	9,867	15,472	21,195	24,180
Cabo de Santo Agostinho	109,763	134,486	167,783	191,150
Cabrobó	12,905	15,769	19,798	22,300
Camaragibe	99,407	128,702	144,466	159,940
Carpina	58,127	61,006	72,056	81,940
Caruaru	182,012	217,407	279,589	327,910
Catende	22,371	23,451	28,861	33,410
Condado	14,079	18,473	22,637	24,940
Cupira	13,892	18,085	20,787	21,540
Custódia	12,824	16,645	21,716	24,140
Escada	37,319	45,596	53,964	59,220
Floresta	12,444	15,547	19,973	22,840
Gameleira	11,671	16,663	19,504	22,070
Garanhuns	89,206	103,435	115,356	126,000
Goiana	40,552	43,531	58,025	61,630
Gravatá	46,150	55,563	68,385	76,300
Igarassu	59,817	75,739	93,931	110,200
Ilha de Itamaracá	8,580	12,930	16,993	21,020
Ipojuca	25,168	40,310	59,719	73,390
Itambé	22,434	26,325	29,424	30,340
Itapissuma	14,101	16,330	18,320	20,920
Jaboatão dos Guararapes	419,479	568,474	630,595	695,850
Lajedo	17,993	22,531	26,395	29,460
Limoeiro	40,222	42,412	44,560	45,130
Moreno	31,571	38,294	50,197	56,480
Nazaré da Mata	20,485	24,704	27,182	28,840
Olinda	341,394	360,554	370,332	385,970
Ouricuri	22,741	26,608	32,596	35,690
Palmares	43,326	43,452	46,886	50,210
Paudalho	30,314	34,432	36,332	40,570
Paulista	207,708	262,237	300,466	336,920
Pesqueira	39,341	40,991	45,126	48,810
Petrolândia	14,319	19,599	23,621	27,080
Petrolina	125,273	166,279	219,215	267,990
Recife	1,298,229	1,422,905	1,537,704	1,661,020
Ribeirão	26,419	29,646	34,003	36,580
Salgueiro	34,759	39,891	45,713	49,690
Santa Cruz do Capibaribe	35,027	57,226	85,594	109,270
São Bento do Una	19,428	23,306	27,899	31,740
São Caetano (São Caitano)	16,710	22,499	27,079	28,780
São José do Egito	15,415	17,695	20,960	22,530
São Lourenço da Mata	71,323	83,543	96,777	108,080
Serra Talhada	43,394	49,605	61,275	67,640
Sertânia	15,528	17,047	18,557	19,880
Sirinhaém	10,405	13,646	21,484	24,980
Surubim	29,040	33,145	44,036	49,810
Tabira	13,054	15,944	19,769	21,590
Taquaritinga do Norte	8,645	12,022	17,961	21,260
Timbaúba	40,360	44,035	46,367	45,300
Toritama	13,751	20,127	34,125	45,200
Trindade	14,080	17,195	22,464	26,750
Vitória de Santo Antão	85,363	99,342	113,429	122,520