Piauí
Altos	...	24,200	27,388	28,700
Barras	14,446	18,809	22,126	23,330
Bom Jesus	8,498	10,961	17,623	19,920
Campo Maior	31,853	31,928	33,521	34,840
Esperantina	17,297	20,748	23,158	24,500
Floriano	43,531	46,684	49,970	52,070
José de Freitas	13,712	18,110	21,601	22,980
Oeiras	16,002	19,629	21,997	22,920
Parnaíba	105,104	124,988	137,485	145,180
Pedro II	16,391	20,917	22,666	23,460
Picos	45,571	52,547	58,307	62,450
Piracuruca	15,440	17,881	19,247	20,220
Piripiri	39,341	43,537	44,540	45,980
São Raimundo Nonato	13,479	17,202	21,266	23,050
Teresina	556,911	677,470	767,557	821,190
União	13,948	16,089	20,965	21,950