Paraná
Almirante Tamandaré	59,080	84,755	98,892	116,350
Andirá	17,114	19,927	19,351	18,610
Apucarana	86,079	100,249	114,098	129,690
Arapongas	60,025	81,790	101,851	123,750
Arapoti	11,413	17,487	21,778	23,990
Araucária	54,262	86,111	110,205	137,400
Assis Chateaubriand	28,835	27,052	29,013	29,260
Astorga	18,534	20,476	22,559	24,030
Bandeirantes	24,422	27,720	28,384	27,390
Cambará	16,491	20,022	22,365	23,940
Cambé	66,817	81,942	92,952	103,900
Campina Grande do Sul	12,722	25,973	31,961	36,330
Campo Largo	53,892	77,223	94,171	113,700
Campo Magro	...	2,501	19,547	23,720
Campo Mourão	72,335	74,754	82,676	91,120
Cascavel	177,766	228,673	270,049	317,100
Castro	39,125	43,250	49,266	52,970
Cianorte	37,850	49,644	62,282	75,660
Colombo	110,273	174,962	203,203	237,850
Colorado	15,616	18,772	21,005	22,820
Cornélio Procópio	40,036	42,683	44,308	45,170
Curitiba	1,315,035	1,587,315	1,751,907	1,963,730
Dois Vizinhos	22,202	22,382	28,095	32,170
Fazenda Rio Grande	...	59,196	75,928	96,450
Foz do Iguaçu	186,385	256,524	253,962	255,830
Francisco Beltrão	45,622	54,831	67,449	79,720
Goioerê	29,840	24,534	25,242	24,990
Guaíra	22,790	24,878	28,206	30,770
Guarapuava	116,210	141,694	152,993	168,010
Guaratuba	14,019	23,156	28,805	34,080
Ibaiti	15,245	19,707	23,116	25,610
Ibiporã	30,728	39,141	45,895	53,030
Imbituva	7,874	14,781	17,888	20,940
Irati	31,278	39,306	44,932	49,110
Itaperuçu	...	16,234	19,956	24,640
Ivaiporã	27,928	25,889	27,438	27,500
Jacarezinho	30,111	33,515	34,774	34,900
Jaguariaíva	19,241	25,621	28,041	30,260
Lapa	19,472	24,070	27,222	29,480
Laranjeiras do Sul	21,994	23,562	25,031	26,160
Loanda	14,305	16,948	19,274	21,270
Londrina	366,676	433,369	493,520	565,760
Mandaguaçu	11,122	14,113	17,585	20,780
Mandaguari	21,250	28,281	30,934	32,800
Marechal Cândido Rondon	26,455	31,246	39,147	45,180
Marialva	16,177	22,113	25,792	29,140
Maringá	234,079	283,978	350,653	428,620
Matinhos	10,866	24,000	29,279	35,520
Medianeira	29,572	33,246	37,390	41,970
Nova Esperança	17,941	21,785	24,323	25,650
Paiçandu	20,997	29,622	35,445	41,670
Palmas	24,890	31,411	39,795	48,720
Palmeira	14,878	17,268	19,375	20,570
Palotina	19,700	20,740	24,646	27,830
Paranaguá	94,689	122,347	135,386	151,680
Paranavaí	64,354	70,329	77,728	85,220
Pato Branco	43,406	56,805	68,091	79,770
Pinhais	...	100,726	117,008	134,790
Piraquara	...	33,829	45,738	57,340
Pitanga	17,106	18,339	20,590	18,730
Ponta Grossa	221,671	266,683	304,733	350,920
Pontal do Paraná	...	14,149	20,743	28,290
Prudentópolis	11,392	18,276	22,463	24,300
Quatro Barras	8,132	14,520	17,941	21,920
Quedas do Iguaçu	16,155	19,626	20,987	23,800
Rio Branco do Sul	23,714	20,049	22,045	23,470
Rio Negro	20,200	22,460	25,710	28,480
Rolândia	35,276	44,650	54,749	64,500
Santa Terezinha de Itaipu	11,655	16,299	18,837	21,630
Santo Antônio da Platina	27,345	32,617	36,944	40,230
São José dos Pinhais	111,952	183,366	236,895	300,030
São Mateus do Sul	15,927	21,131	25,706	29,370
Sarandi	46,208	69,493	82,146	98,050
Telêmaco Borba	54,649	58,354	68,440	78,940
Toledo	72,402	85,920	108,259	131,200
Umuarama	77,541	82,625	93,455	105,280
União da Vitória	40,201	45,591	49,983	55,260