Rio de Janeiro
Angra dos Reis	78,445	114,300	163,290	202,460
Araruama	43,373	75,088	106,486	129,400
Arraial do Cabo	19,866	23,877	27,715	30,830
Barra do Piraí	74,118	84,816	91,957	98,130
Barra Mansa	166,673	165,134	176,193	183,550
Belford Roxo	...	434,474	469,332	515,240
Bom Jesus do Itabapoana	21,180	27,425	29,927	31,530
Búzios (Armação dos Búzios)	...	18,204	27,560	35,060
Cabo Frio	79,217	106,237	140,486	176,580
Cachoeiras de Macacu	32,036	41,117	46,944	51,600
Campos dos Goytacazes	324,667	364,177	418,725	464,700
Casimiro de Abreu	...	18,337	28,521	37,010
Conceição de Macabu	13,982	16,542	18,337	20,370
Cordeiro	18,491	17,756	19,862	21,540
Duque de Caxias	664,145	772,327	852,138	926,290
Guapimirim	...	25,593	49,746	60,130
Iguaba Grande	...	15,089	22,851	29,340
Itaboraí	147,249	177,260	215,412	241,510
Itaguaí	...	78,208	104,209	130,440
Itaperuna	61,742	77,378	88,368	96,220
Itatiaia	9,831	11,728	27,813	31,220
Japeri	...	83,278	95,492	106,300
Macaé	89,336	126,007	202,859	261,160
Magé (Majé)	172,255	193,851	215,236	234,570
Mangaratiba	13,394	19,860	32,120	40,480
Maricá	32,708	63,399	125,491	165,080
Mesquita	...	166,080	168,376	177,020
Miguel Pereira	15,942	20,081	21,501	22,360
Miracema	20,954	24,044	24,741	25,010
Nilópolis	158,092	153,712	157,425	162,890
Niterói	436,155	459,451	487,562	516,980
Nova Friburgo	144,354	151,851	159,372	167,760
Nova Iguaçu	...	754,519	787,563	816,380
Paracambi	33,520	36,868	41,722	47,010
Paraíba do Sul	27,766	32,688	36,154	39,370
Paraty	11,465	14,066	27,689	32,590
Petrópolis	249,080	270,671	281,286	291,960
Pinheiral	...	17,672	20,411	22,970
Piraí	...	18,070	20,836	23,600
Porto Real	...	11,388	16,497	20,140
Queimados	...	121,993	137,962	152,310
Resende	75,704	95,963	112,331	124,970
Rio Bonito	27,165	32,450	41,259	45,250
Rio das Ostras	...	34,552	99,905	150,820
Rio de Janeiro	5,480,768	5,857,904	6,320,446	6,775,560
Santo Antônio de Pádua	28,025	29,415	31,100	32,720
São Fidélis	22,160	26,513	29,679	30,630
São Francisco de Itabapoana	...	19,228	21,092	21,530
São Gonçalo	779,832	891,119	998,999	1,097,560
São João da Barra	...	19,631	25,693	28,820
São João de Meriti	425,772	449,476	458,673	473,380
São Pedro da Aldeia	42,144	52,141	82,148	100,550
Saquarema	35,263	50,422	70,456	87,260
Seropédica	...	51,897	64,285	68,930
Tanguá	...	22,448	27,428	31,150
Teresópolis	101,219	115,198	146,207	165,920
Três Rios	73,291	67,347	75,165	80,050
Valença	50,285	57,323	62,224	66,870
Vassouras	17,464	19,886	23,199	25,120
Volta Redonda	220,097	241,996	257,686	274,800