Rio Grande do Norte
Açu (Assu)	29,500	34,645	39,359	43,440
Areia Branca	17,003	17,861	20,317	22,600
Caicó	42,783	50,624	57,461	62,970
Canguaretama	14,045	16,924	20,235	22,790
Ceará-Mirim	26,002	30,839	35,494	38,690
Currais Novos	33,819	35,529	37,777	39,880
João Câmara	17,694	19,956	22,657	24,860
Macaíba	29,019	36,041	42,631	50,830
Macau	19,696	18,612	21,966	24,470
Mossoró	177,331	199,081	237,241	277,400
Natal	606,887	712,317	803,739	896,710
Nova Cruz	17,953	21,634	24,380	25,800
Parnamirim	48,593	109,139	202,456	272,490
Pau dos Ferros	17,782	22,311	25,551	28,370
Santa Cruz	21,783	25,594	30,499	34,330
São Gonçalo do Amarante	8,241	9,798	74,099	88,680
São José de Mipibu	12,858	15,602	18,232	20,430