Rondônia
Ariquemes	45,283	55,118	76,525	94,140
Buritis	...	15,334	18,122	22,970
Cacoal	44,091	51,398	61,921	68,100
Espigão d'Oeste	11,186	14,262	20,610	23,680
Guajará-Mirim	27,406	33,035	35,207	39,660
Jaru	27,675	29,577	35,118	34,760
Ji-Paraná	75,414	91,013	104,858	117,820
Machadinho d'Oeste	4,891	10,981	16,173	21,670
Ouro Preto do Oeste	23,586	26,541	28,180	26,340
Pimenta Bueno	25,505	26,423	29,417	32,270
Porto Velho	229,788	273,709	390,733	500,540
Rolim de Moura	28,272	34,421	41,429	45,600
Vilhena	34,513	50,601	72,218	99,050