Rio Grande do Sul
Alegrete	68,191	75,092	69,594	64,970
Alvorada	141,881	183,365	195,673	212,350
Bagé	...	94,000	97,765	101,720
Bento Gonçalves	65,755	81,820	99,069	115,670
Butiá	...	18,976	19,330	19,860
Caçapava do Sul	20,349	19,328	25,410	25,250
Cachoeira do Sul	71,510	74,119	71,700	69,750
Cachoeirinha	87,951	107,564	118,278	132,140
Camaquã	39,753	47,069	49,356	52,440
Campo Bom	46,481	51,838	57,338	66,790
Canela	23,582	30,760	35,831	41,980
Canguçu	13,811	17,695	19,694	20,840
Canoas	270,672	306,093	323,827	349,730
Capão da Canoa	24,562	30,334	41,787	54,680
Capão do Leão	16,194	21,354	22,382	23,450
Carazinho	...	54,200	58,253	61,290
Carlos Barbosa	10,395	15,211	19,992	24,310
Caxias do Sul	264,775	333,391	419,406	504,290
Charqueadas	24,349	29,015	34,490	40,720
Cruz Alta	...	61,800	60,594	57,450
Dois Irmãos	17,851	22,272	27,276	33,190
Dom Pedrito	32,291	35,795	35,255	34,640
Eldorado do Sul	12,480	19,242	30,800	38,110
Encantado	13,461	16,036	17,879	20,090
Erechim (Erexim)	62,377	82,026	90,552	101,180
Estância Velha	26,713	34,367	41,484	49,980
Esteio	70,468	79,961	80,643	83,240
Estrela	19,635	22,695	25,913	29,340
Farroupilha	31,025	42,705	55,053	63,810
Flores da Cunha	8,701	14,227	20,855	24,100
Frederico Westphalen	14,766	20,433	23,333	25,620
Garibaldi	16,191	23,112	27,211	31,740
Gramado	17,920	23,328	29,013	33,140
Gravataí	167,863	212,144	243,497	271,980
Guaíba	73,778	91,956	93,064	96,120
Guaporé	14,028	17,678	20,820	23,910
Igrejinha	18,997	25,530	30,190	36,000
Ijuí	60,859	67,397	71,550	76,200
Imbé	7,227	11,905	17,661	23,710
Itaqui	31,483	34,823	33,311	32,620
Ivoti	9,201	13,785	18,062	22,780
Jaguarão	22,961	27,174	26,105	24,610
Lagoa Vermelha	...	22,000	24,136	24,330
Lajeado	47,921	60,189	71,180	85,690
Marau	15,851	22,853	31,558	39,510
Montenegro	36,917	48,862	53,629	59,710
Nova Prata	10,448	14,419	18,659	22,900
Nova Santa Rita	...	11,550	19,475	26,130
Novo Hamburgo	201,502	231,989	234,798	243,020
Osório	26,345	30,664	37,917	43,390
Palmeira das Missões	...	29,400	29,831	28,650
Panambi	24,089	28,291	34,562	40,490
Parobé	30,771	43,439	48,633	56,110
Passo Fundo	137,288	163,764	180,120	200,860
Pelotas	265,192	301,081	306,193	320,700
Portão	16,445	19,818	25,276	31,130
Porto Alegre	1,247,529	1,320,739	1,409,351	1,492,530
Quaraí	19,480	22,060	21,310	20,860
Rio Grande	165,025	179,208	189,429	204,460
Rio Pardo	23,565	26,041	25,614	26,070
Rosário do Sul	34,123	36,250	34,931	34,490
Santa Cruz do Sul	78,955	93,786	105,190	117,540
Santa Maria	196,342	230,696	248,347	271,300
Sant'Ana do Livramento	73,557	84,455	74,410	68,260
Santa Rosa	48,356	55,950	60,366	65,030
Santa Vitória do Palmar	25,896	27,952	26,890	25,420
Santiago	...	43,200	44,735	44,940
Santo Ângelo	61,165	64,900	71,804	73,000
Santo Antônio da Patrulha	21,065	23,483	28,114	30,740
São Borja	52,562	57,273	55,138	53,440
São Gabriel	...	51,300	53,775	55,340
São Leopoldo	160,358	192,895	213,238	239,420
São Lourenço do Sul	18,918	23,463	24,237	24,460
São Luiz Gonzaga	...	30,400	30,508	29,240
São Sebastião do Caí	11,952	15,957	17,608	21,000
Sapiranga	52,907	65,785	72,286	77,620
Sapucaia do Sul	104,486	121,813	130,469	141,980
Sarandi	11,677	14,262	17,940	21,090
Soledade	20,972	23,356	24,032	24,850
Tapejara	8,918	11,641	17,080	22,160
Taquara	35,100	43,125	45,266	47,830
Taquari	15,876	20,792	21,875	22,560
Teutônia	11,636	17,358	23,322	29,310
Torres	21,478	27,556	33,340	37,890
Tramandaí	18,171	29,688	40,577	52,210
Três Coroas	11,862	17,067	20,546	24,940
Uruguaiana	105,822	118,538	117,415	118,660
Vacaria	45,643	52,425	57,339	62,550
Venâncio Aires	25,933	36,193	41,400	45,430
Veranópolis	11,637	16,020	19,843	23,330
Viamão	156,145	211,612	224,943	241,810