Santa Catarina
Araquari	...	17,000	23,353	38,490
Araranguá	39,490	45,052	50,526	57,270
Balneário Camboriú	39,888	73,455	108,089	149,230
Balneário Piçarras	5,446	8,615	15,500	22,130
Barra Velha	10,692	14,566	21,320	29,080
Biguaçu	28,207	42,907	52,758	63,880
Blumenau	186,327	241,943	294,773	349,530
Bombinhas	...	8,716	14,293	20,890
Braço do Norte	11,227	17,879	23,383	27,630
Brusque	53,488	73,256	102,025	135,960
Caçador	43,492	55,542	64,457	72,890
Camboriú	23,538	39,427	59,231	82,800
Campos Novos	23,828	22,556	27,064	30,390
Canoinhas	36,832	37,904	39,273	40,610
Capinzal	9,358	15,460	17,754	19,850
Capivari de Baixo	...	17,436	19,816	23,290
Chapecó	96,751	134,592	168,113	208,470
Concórdia	36,271	45,254	54,865	60,510
Criciúma	132,313	153,049	189,630	216,340
Curitibanos	32,689	32,438	34,769	36,880
Florianópolis	239,996	332,185	405,286	496,960
Forquilhinha	4,416	14,556	18,426	22,570
Fraiburgo	19,685	27,623	30,291	32,190
Garopaba	5,178	10,722	15,320	20,330
Gaspar	23,364	29,601	47,126	58,460
Guabiruba	5,841	12,048	17,066	23,080
Guaramirim	13,874	19,012	28,046	37,280
Herval d'Oeste	14,230	17,140	18,851	20,250
Içara	27,367	39,570	53,913	65,330
Imbituba	25,790	34,527	40,170	45,710
Indaial	28,234	38,382	52,927	69,800
Itajaí	114,555	141,950	173,452	214,360
Itapema	11,248	24,781	44,659	67,600
Itapoá	3,309	8,191	14,172	20,890
Jaraguá do Sul	62,565	96,320	132,800	171,270
Joaçaba	23,211	21,688	24,924	28,300
Joinville	334,674	414,972	497,850	584,240
Lages (Lajes)	138,575	153,582	153,937	154,360
Laguna	34,174	37,284	40,655	44,630
Mafra	32,952	37,713	41,318	44,370
Maravilha	12,171	14,226	18,087	21,660
Navegantes	20,498	36,650	57,402	81,270
Palhoça	65,791	97,914	135,311	176,050
Penha	10,513	15,993	23,064	31,210
Pomerode	13,747	18,713	23,823	29,660
Porto Belo	...	9,973	15,167	21,190
Porto União	22,638	26,579	28,266	30,120
Rio do Sul	42,766	48,418	56,785	67,670
Rio Negrinho	24,778	32,650	36,348	38,940
São Bento do Sul	45,103	61,826	71,234	82,200
São Francisco do Sul	27,342	29,930	39,490	50,850
São João Batista	8,281	11,273	23,551	35,620
São José	128,375	171,230	207,312	250,690
São Miguel do Oeste	25,638	27,392	32,065	36,430
Schroeder	3,526	9,402	13,703	20,220
Sombrio	15,065	15,925	19,638	22,940
Tijucas	14,334	18,711	26,002	33,500
Timbó	19,155	26,783	34,296	42,620
Tubarão	83,264	69,925	88,094	97,070
Videira	27,234	35,787	42,856	49,170
Xanxerê	27,766	32,385	39,143	46,380
Xaxim	10,501	16,058	20,967	23,850