Sergipe
Aracaju	402,341	461,534	571,149	672,610
Barra dos Coqueiros	7,442	15,176	20,886	26,290
Capela	14,721	16,095	19,742	22,340
Estância	44,356	50,854	54,760	59,440
Itabaiana	41,045	55,472	67,709	75,390
Itabaianinha	12,131	15,559	19,409	21,150
Lagarto	32,538	40,527	48,867	54,610
Laranjeiras	16,020	21,213	21,257	23,960
Nossa Senhora da Glória	13,675	17,137	21,617	25,090
Nossa Senhora do Socorro	67,516	131,279	155,823	181,890
Propriá	21,944	23,567	24,390	25,510
São Cristóvão	46,233	63,116	66,665	77,850
Simão Dias	13,138	16,818	20,426	21,490
Tobias Barreto	21,882	27,500	32,228	35,460