São Paulo
Adamantina	27,662	30,368	31,948	33,230
Aguaí	19,230	24,708	29,001	33,360
Agudos	28,054	30,692	32,993	35,920
Álvares Machado	15,387	20,096	21,183	22,590
Americana	153,653	182,159	209,654	243,230
Américo Brasiliense	18,215	27,641	34,217	41,230
Amparo	41,419	43,357	51,811	57,570
Andradina	47,550	50,836	51,649	53,430
Aparecida	32,570	34,382	34,498	35,680
Araçariguama	...	7,240	17,080	23,340
Araçatuba	150,905	164,449	178,077	195,370
Araçoiaba da Serra	8,868	13,679	18,764	24,320
Araraquara	156,465	173,569	202,730	233,700
Araras	79,111	97,860	112,444	129,380
Artur Nogueira	13,584	30,464	39,998	50,930
Arujá	34,333	56,630	71,916	88,760
Assis	80,084	83,388	90,991	101,150
Atibaia	74,751	96,874	115,229	132,320
Avaré	56,264	72,387	79,391	87,870
Bariri	21,469	26,050	29,975	34,010
Barra Bonita	29,064	34,537	34,507	35,370
Barretos	89,311	98,860	108,686	119,780
Barrinha	18,330	23,944	28,180	33,170
Barueri	130,799	208,281	240,749	279,700
Batatais	39,902	48,285	49,945	56,100
Bauru	255,669	310,442	338,184	375,320
Bebedouro	61,996	69,964	71,503	73,960
Bertioga	...	29,178	46,867	65,070
Birigui	70,567	91,018	105,487	122,340
Biritiba Mirim	14,759	20,778	24,525	28,550
Boituva	19,346	32,537	45,448	59,550
Bom Jesus dos Perdões	8,996	11,223	17,376	23,370
Botucatu	84,853	103,993	122,678	144,250
Bragança Paulista	92,409	111,091	142,255	167,070
Brodowski	11,796	16,285	20,597	24,990
Brotas	10,902	16,127	18,599	21,430
Cabreúva	13,323	25,760	35,261	43,330
Caçapava	58,316	66,741	72,517	81,930
Cachoeira Paulista	18,724	21,671	24,572	27,620
Caieiras	37,776	68,481	84,386	101,470
Cajamar	32,005	48,084	62,823	77,440
Cajati	...	20,996	20,720	20,770
Cajuru	15,686	18,401	20,795	23,680
Campinas	824,924	953,218	1,061,540	1,202,200
Campo Limpo Paulista	44,455	62,260	74,074	86,410
Campos do Jordão	36,727	43,809	47,491	52,380
Cândido Mota	21,836	26,549	28,096	29,530
Capão Bonito	35,520	36,587	37,824	38,580
Capivari	28,845	33,484	45,904	53,840
Caraguatatuba	52,729	75,251	96,673	120,020
Carapicuíba	283,661	344,596	369,584	405,380
Casa Branca	19,090	21,629	23,154	25,070
Catanduva	89,905	104,268	111,914	122,130
Cerquilho	17,871	27,996	37,567	48,010
Conchal	15,750	20,297	23,839	26,920
Cordeirópolis	10,095	16,068	18,934	22,560
Cosmópolis	32,803	42,546	54,634	69,340
Cotia	107,453	148,987	201,150	257,880
Cravinhos	20,596	27,182	30,902	34,970
Cruzeiro	65,976	71,179	75,076	80,780
Cubatão	90,659	107,661	118,720	132,520
Descalvado	20,081	24,136	27,712	30,430
Diadema	305,287	357,064	386,089	429,550
Dois Córregos	16,347	20,232	23,446	26,230
Dracena	34,863	37,153	39,946	43,670
Embu das Artes	155,990	207,663	240,230	279,260
Embu-Guaçu	35,414	55,839	61,095	68,520
Espírito Santo do Pinhal	28,973	34,753	37,245	39,640
Fernandópolis	52,022	59,143	62,714	67,550
Ferraz de Vasconcelos	94,970	141,208	160,754	189,750
Franca	227,854	282,203	313,046	352,240
Francisco Morato	83,637	133,575	154,158	179,010
Franco da Rocha	79,492	100,395	121,244	145,970
Garça	32,500	36,386	39,192	40,390
Guaíra	26,932	32,274	36,059	39,800
Guará	15,175	17,959	19,223	20,710
Guararapes	22,748	26,130	28,318	30,780
Guararema	14,186	17,710	22,240	26,220
Guaratinguetá	94,421	99,162	106,762	117,360
Guariba	27,615	30,223	34,748	40,010
Guarujá	210,192	264,733	290,696	324,910
Guarulhos	777,921	1,049,668	1,221,979	1,404,690
Hortolândia	...	152,523	192,692	237,570
Ibaté	16,387	25,112	29,508	34,400
Ibitinga	34,471	43,860	51,057	58,730
Ibiúna	17,698	21,356	24,933	28,030
Igaraçu do Tietê	20,460	22,389	23,228	24,680
Igarapava	18,724	24,037	26,362	29,040
Iguape	21,279	21,934	24,687	26,640
Ilhabela	13,286	20,589	28,002	35,940
Ilha Solteira	...	23,218	23,520	25,230
Indaiatuba	91,849	144,740	199,592	258,070
Iperó	7,868	12,649	17,463	23,920
Iracemápolis	10,561	14,810	19,616	24,470
Itaí	12,287	16,903	18,852	21,700
Itanhaém	44,820	71,148	86,242	103,370
Itapecerica da Serra	91,106	128,327	151,349	178,090
Itapetininga	88,146	112,137	131,050	151,680
Itapeva	58,241	60,954	73,956	80,270
Itapevi	107,976	162,433	200,769	244,130
Itapira	49,802	58,042	63,576	70,200
Itápolis	25,558	32,140	36,325	39,490
Itaquaquecetuba	164,957	272,942	321,770	379,080
Itararé	37,065	42,806	44,270	46,900
Itatiba	54,078	65,925	85,666	104,900
Itu	96,816	123,942	144,269	165,800
Itupeva	11,614	19,259	38,955	55,860
Ituverava	29,832	34,221	36,430	39,790
Jaboticabal	53,942	63,840	69,527	75,700
Jacareí	157,026	183,377	208,297	233,840
Jaguariúna	19,087	25,812	43,033	58,190
Jales	39,313	42,339	44,239	46,380
Jandira	62,697	91,807	108,344	127,730
Jardinópolis	21,040	28,066	36,141	43,710
Jarinu	5,459	10,984	18,429	24,090
Jaú	86,823	107,198	126,943	148,660
José Bonifácio	21,003	25,019	29,684	34,160
Jundiaí	266,235	300,207	354,204	408,570
Juquitiba	...	17,387	22,240	24,640
Laranjal Paulista	15,901	19,582	22,612	26,010
Leme	64,546	77,888	89,862	103,100
Lençóis Paulista	43,155	52,350	60,051	67,970
Limeira	177,934	238,349	267,785	301,510
Lins	54,404	64,218	70,597	78,050
Lorena	69,675	75,097	80,173	86,970
Louveira	14,131	21,888	35,695	49,040
Mairinque	36,026	34,340	34,690	38,300
Mairiporã	33,935	48,077	70,750	90,580
Marília	150,520	189,719	207,021	231,380
Martinópolis	15,186	17,975	20,341	22,500
Matão	60,530	69,168	75,377	82,530
Mauá	294,998	363,392	417,064	481,730
Miguelópolis	14,967	17,561	19,265	21,180
Mirandópolis	19,476	22,287	24,455	26,560
Mirassol	36,617	46,575	52,433	59,230
Mococa	48,519	57,284	61,149	63,720
Mogi das Cruzes (Moji das Cruzes)	246,845	302,116	357,313	419,790
Mogi Guaçu (Moji Guaçu)	100,010	116,184	130,295	146,340
Mogi Mirim (Moji Mirim)	58,669	73,099	80,945	88,050
Mongaguá	18,904	34,942	46,091	58,310
Monte Alto	35,605	40,765	44,543	48,740
Monte Aprazível	13,941	15,937	19,803	23,360
Monte Mor	22,044	34,173	45,978	57,960
Morro Agudo	17,176	22,802	27,907	32,200
Nova Granada	12,548	15,039	17,775	20,270
Nova Odessa	31,973	41,110	50,407	60,710
Novo Horizonte	25,604	28,917	34,048	38,860
Olímpia	37,567	42,643	47,244	52,390
Orlândia	27,543	35,208	38,756	43,530
Osasco	568,225	652,593	666,740	701,430
Osvaldo Cruz	23,663	26,141	27,782	29,760
Ourinhos	70,707	89,376	100,374	112,170
Palmital	13,892	16,792	19,427	20,470
Paraguaçu Paulista	30,119	36,625	38,314	41,850
Paulínia	32,907	50,762	82,070	114,400
Pederneiras	26,932	34,092	38,592	44,200
Pedreira	26,804	34,132	41,209	48,580
Penápolis	42,637	50,620	55,882	61,220
Pereira Barreto	45,688	23,142	23,235	23,910
Peruíbe	31,311	50,370	59,105	68,920
Piedade	18,327	22,057	23,760	25,390
Pilar do Sul	13,613	17,472	20,748	23,270
Pindamonhangaba	95,611	119,078	141,708	165,700
Piracaia	18,999	23,347	25,116	27,620
Piracicaba	269,961	317,374	356,743	401,470
Piraju	21,222	24,296	25,604	26,910
Pirajuí	15,549	16,267	18,501	21,140
Pirapozinho	19,028	20,715	23,462	26,580
Pirassununga (Piraçununga)	47,174	57,594	64,216	70,860
Pitangueiras	26,334	29,306	33,948	38,870
Poá	75,572	94,672	104,338	117,340
Pompéia	14,979	16,722	18,574	20,770
Pontal	20,853	28,585	39,492	50,750
Porto Feliz	28,236	36,604	41,096	45,130
Porto Ferreira	36,504	45,568	50,478	55,830
Pradópolis	8,812	11,875	16,100	20,600
Praia Grande	123,492	193,582	262,051	336,450
Presidente Epitácio	30,727	36,355	38,545	41,580
Presidente Prudente	160,227	185,229	203,375	227,220
Presidente Venceslau	34,388	34,554	36,272	37,930
Promissão	22,093	25,635	30,070	34,740
Rancharia	23,076	24,989	25,828	26,670
Registro	37,849	43,066	48,169	50,120
Ribeirão Pires	85,085	104,508	113,068	125,240
Ribeirão Preto	426,819	502,760	602,966	718,070
Rio Claro	132,739	163,477	181,720	204,450
Rio das Pedras	16,683	21,954	28,562	35,080
Rio Grande da Serra	29,901	37,091	43,974	52,010
Salto	72,333	92,065	104,774	119,930
Salto de Pirapora	19,127	27,384	31,463	36,290
Santa Bárbara d'Oeste	141,181	167,917	178,596	193,750
Santa Cruz das Palmeiras	19,356	24,029	29,000	34,010
Santa Cruz do Rio Pardo	31,559	35,120	40,154	44,070
Santa Fé do Sul	20,707	24,911	28,088	31,500
Santa Gertrudes	9,694	15,528	21,404	27,550
Santa Isabel	28,235	33,014	39,591	45,930
Santana de Parnaíba	37,762	74,828	108,813	145,070
Santa Rita do Passa Quatro	18,501	22,493	23,701	24,740
Santa Rosa de Viterbo	17,534	20,196	22,747	25,700
Santo André	616,991	649,331	676,407	723,890
Santo Antônio de Posse	11,231	14,673	18,834	21,650
Santos	427,273	415,747	419,086	433,670
São Bernardo do Campo	555,495	690,917	752,658	835,660
São Caetano do Sul	149,519	140,159	149,263	162,760
São Carlos	148,408	183,433	213,061	246,630
São João da Boa Vista	60,897	71,751	80,302	88,630
São Joaquim da Barra	33,622	40,799	45,678	51,790
São José do Rio Pardo	31,488	41,636	45,959	48,970
São José do Rio Preto	275,450	337,289	383,490	440,710
São José dos Campos	425,515	532,717	617,106	722,310
São Manuel	30,222	34,043	37,413	40,290
São Miguel Arcanjo	13,615	17,985	21,502	22,610
São Paulo	9,412,894	9,813,187	11,152,344	12,284,940
São Pedro	15,660	22,433	26,607	30,500
São Roque	48,359	48,727	71,488	84,420
São Sebastião	33,702	57,452	73,109	90,600
São Vicente	268,353	303,413	331,817	370,140
Serrana	22,233	31,819	38,466	45,680
Serra Negra	17,431	20,612	22,893	25,740
Sertãozinho	73,567	90,531	108,772	126,910
Socorro	16,999	20,980	24,944	28,350
Sorocaba	374,108	486,726	580,655	688,250
Sumaré	...	193,937	238,470	286,460
Suzano (Susano)	152,003	221,423	253,240	292,720
Taboão da Serra	160,084	197,644	244,528	297,530
Tambaú	16,072	19,044	19,909	20,660
Tanabi	15,219	17,989	21,735	23,700
Taquaritinga	40,544	47,592	51,168	54,540
Taquarituba	13,610	18,328	19,579	20,460
Tatuí	69,368	85,613	102,256	118,270
Taubaté	197,801	229,855	272,673	313,900
Tietê	22,147	28,678	33,489	39,040
Tremembé	24,317	29,866	36,936	43,460
Tupã	55,578	60,366	60,930	62,980
Ubatuba	46,333	65,195	76,907	90,590
Valinhos	59,912	78,506	101,626	126,730
Valparaíso	14,070	16,087	21,469	25,820
Vargem Grande do Sul	27,817	33,712	37,274	41,170
Vargem Grande Paulista	15,870	32,683	42,997	54,320
Várzea Paulista	68,036	92,800	107,089	124,270
Vinhedo	32,999	46,174	61,612	78,950
Votorantim	79,197	92,723	104,659	119,720
Votuporanga	61,380	72,807	82,319	93,410